NM_015719: 2015: Score: 0.00616772862051524
BC020988: 146: Score: 0.00860895927692945
NM_024496: 2264: Score: 0.0076095108535927
BC071888: 817: Score: 0.00994884003161196
BC002783: 440: Score: 0.00951584253586673
NM_006088: 495: Score: 0.00952417340066268
BC066990: 1569: Score: 0.00582552478343702
NM_004783: 3717: Score: 0.00905793224328915
NM_014606: 649: Score: 0.00973654661491508
BC005810: 355: Score: 0.00756037151890545
BC002885: 437: Score: 0.00596646322599078
BC001911: 430: Score: 0.0061537640482998
BC029529: 467: Score: 0.0077225999492711
NM_175900: 496: Score: 0.00538149926551936
NM_020351: 1656: Score: 0.00247563936235306
BC071889: 431: Score: 0.00762987518976058
BC039175: 440: Score: 0.00947040580775546
NM_001850: 1718: Score: 0.00280572993050383
BC038992: 664: Score: 0.00451820143140536
BC007889: 431: Score: 0.00790712381664813
NM_014272: 4462: Score: 0.00390530832650306
BC013581: 1710: Score: 0.00247378805906507
BC019359: 433: Score: 0.00786168708853687
BC022318: 452: Score: 0.00731467484546924
BC004188: 442: Score: 0.00885658705120917
