BC012191: 551: Score: 0.20061462949971
NM_015585: 1027: Score: 0.206434440778172
NM_138778: 1031: Score: 0.202894046673048
NM_020883: 2178: Score: 0.203957891723686
BC070080: 2040: Score: 0.201595852161367
NM_176880: 447: Score: 0.202785665633145
NM_001082538: 1524: Score: 0.20408580720518
NM_001145976: 1270: Score: 0.202218113499287
BC014465: 437: Score: 0.208166063692398
BC010536: 672: Score: 0.208312268773616
BC067442: 342: Score: 0.202981026008561
BC053863: 1716: Score: 0.200941783517818
BC012759: 844: Score: 0.209028340117801
NM_152342: 453: Score: 0.208325946074631
NM_001001824: 702: Score: 0.205473215383928
BC072384: 1471: Score: 0.205862148669517
BC001632: 225: Score: 0.200854357315994
NM_182906: 630: Score: 0.202454489818239
NM_031413: 870: Score: 0.203036166119423
BC001765: 2783: Score: 0.209553567628213
BC015760: 98: Score: 0.208555683236964
BC011611: 54: Score: 0.209230307730814
BC028708: 1027: Score: 0.208238870982051
NM_080645: 4861: Score: 0.205531595275544
NM_138817: 1187: Score: 0.209066722742005
BC007086: 64: Score: 0.206197394159754
NM_020877: 2588: Score: 0.208786154536808
BC039583: 2421: Score: 0.206571580857084
NM_005320: 280: Score: 0.205168596195498
BC025784: 243: Score: 0.201949483008395
BC035573: 271: Score: 0.200049295737896
BC000388: 1637: Score: 0.207748131975134
NM_152503: 295: Score: 0.205441759187543
NM_004370: 8353: Score: 0.20732946612036
BC003636: 143: Score: 0.203568351976676
BC012944: 602: Score: 0.207557048748694
BC037166: 1582: Score: 0.200892803778242
BC014100: 1957: Score: 0.206339146537374
NM_001008409: 355: Score: 0.201848922128933
BC015887: 299: Score: 0.200743534470892
NM_001282: 2082: Score: 0.201253009943845
BC013768: 1499: Score: 0.200173157503569
BC041688: 1767: Score: 0.206786954459423
NM_002104: 614: Score: 0.204847028006277
NM_014957: 2621: Score: 0.207991434721905
BC006112: 1377: Score: 0.206690590931381
BC021711: 1199: Score: 0.209243873315252
NM_001146313: 289: Score: 0.202276748743081
NM_012198: 209: Score: 0.202301485985291
NM_020932: 1932: Score: 0.204178563883713
BC028221: 651: Score: 0.209211698940868
NM_033081: 1274: Score: 0.206755913210327
BC026075: 1578: Score: 0.202665729907203
NM_002078: 2644: Score: 0.207353309629948
BC069381: 332: Score: 0.204058995226526
NM_005716: 1140: Score: 0.205064939170882
NM_015378: 11046: Score: 0.201785546910342
NM_018650: 804: Score: 0.209280787664434
BC008797: 917: Score: 0.202488738929067
NM_014632: 2751: Score: 0.205963571362579
BC006146: 375: Score: 0.209445809009243
BC067430: 418: Score: 0.208353332595685
BC039362: 1422: Score: 0.208608221947516
NM_024889: 1107: Score: 0.203466386660236
BC004237: 1229: Score: 0.209664629865981
NM_020336: 4442: Score: 0.206889733710929
NM_003819: 1132: Score: 0.202631480796375
BC034381: 427: Score: 0.200727399405167
BC047482: 4442: Score: 0.200669083351595
NM_080797: 1274: Score: 0.20859829513161
NM_153354: 1139: Score: 0.203517473055278
NM_001465: 861: Score: 0.206613267100085
BC017730: 887: Score: 0.201119923580754
BC007812: 49: Score: 0.208800087190001
BC034491: 1578: Score: 0.201432538484246
BC027624: 1132: Score: 0.20196517120781
BC035711: 3104: Score: 0.205766056453164
NM_032424: 1779: Score: 0.206792747761954
