BC050401: 1407: Score: 1.90761129991479
NM_197961: 1469: Score: 1.90140161373958
BC063676: 720: Score: 1.9011035379507
BC041099: 995: Score: 1.90777237926035
BC018396: 948: Score: 1.90285357814074
NM_017743: 1333: Score: 1.9087813235928
NM_019069: 1110: Score: 1.90925188977768
BC000870: 478: Score: 1.90386127763132
NM_014005: 3121: Score: 1.90934083213306
NM_001012978: 392: Score: 1.90281442946001
BC062693: 320: Score: 1.90865064711588
NM_018695: 641: Score: 1.90093637803141
BC001267: 498: Score: 1.90501393736125
NM_001159560: 434: Score: 1.90749687022018
NM_004733: 1164: Score: 1.90314187074931
BC001096: 1003: Score: 1.9002202747682
BC005230: 314: Score: 1.90230669357376
NM_005095: 4217: Score: 1.90803571119356
BC018134: 489: Score: 1.90886070620102
NM_017819: 535: Score: 1.90520701552658
NM_005898: 1791: Score: 1.90602300936978
BC047392: 247: Score: 1.90861153035417
BC020729: 750: Score: 1.90880162409092
BC017402: 336: Score: 1.90350490174838
BC026182: 689: Score: 1.90160434740913
NM_138728: 521: Score: 1.90514368818652
BC030688: 1476: Score: 1.90369188338047
BC066549: 1229: Score: 1.90677861242297
NM_005295: 2399: Score: 1.90138621281137
NM_153634: 300: Score: 1.90499788209308
BC020537: 1475: Score: 1.90861162611123
BC020537: 1472: Score: 1.90993476533877
NM_018156: 183: Score: 1.90353988499672
BC033621: 974: Score: 1.90718934640073
BC063819: 762: Score: 1.90353706016326
BC031626: 984: Score: 1.90861922283852
BC037544: 284: Score: 1.90877158829102
NM_130434: 1333: Score: 1.90754998347313
NM_001099672: 213: Score: 1.90679174710061
BC068502: 1030: Score: 1.90254586280716
NM_018284: 850: Score: 1.90677949019608
BC001262: 525: Score: 1.90389271786819
NM_181837: 1817: Score: 1.90662048558696
BC063877: 1358: Score: 1.90005895602997
NM_001098614: 1032: Score: 1.90801268161904
NM_015186: 4574: Score: 1.9044039967659
NM_001973: 1940: Score: 1.90091531147675
NM_001006600: 641: Score: 1.9052386632371
BC006371: 266: Score: 1.90860477948097
NM_015208: 2207: Score: 1.90152225168401
BC020752: 219: Score: 1.90943464213932
NM_197960: 1323: Score: 1.90925327825515
BC063798: 635: Score: 1.90995714057334
BC065501: 428: Score: 1.90123737441082
BC031828: 29: Score: 1.90351706289584
BC064831: 471: Score: 1.90058983320731
BC034225: 2254: Score: 1.90612955506591
BC035021: 1751: Score: 1.90176362332994
BC040452: 1169: Score: 1.90788186150652
BC038934: 932: Score: 1.90415394314593
BC022561: 1379: Score: 1.90063011501333
BC014608: 188: Score: 1.90314954727415
NM_032011: 1161: Score: 1.90167187210061
BC031639: 1169: Score: 1.90918894546589
BC013301: 764: Score: 1.90524886136469
NM_003619: 1535: Score: 1.90988343955106
NM_001098272: 948: Score: 1.90766814769334
BC013294: 1079: Score: 1.9062745791433
NM_021795: 1940: Score: 1.90432097538914
NM_002130: 889: Score: 1.9072889177905
BC018288: 551: Score: 1.90756841670845
BC047450: 1971: Score: 1.90240457325536
NM_022473: 1772: Score: 1.90484998530368
NM_022473: 1754: Score: 1.90630554059484
NM_031292: 1037: Score: 1.9092913097701
NM_178862: 2373: Score: 1.90511609419182
NM_001098615: 1446: Score: 1.90938218322633
NM_152641: 5328: Score: 1.9087793126944
BC001731: 1791: Score: 1.90635217428629
BC039315: 2200: Score: 1.90151377718362
