BC031045: 726: Score: 1.95597769951978
BC015862: 316: Score: 1.95575919785327
BC043504: 1232: Score: 1.95403510782828
NM_014964: 1849: Score: 1.95437170987696
NM_001030055: 3387: Score: 1.95393143484415
BC029428: 383: Score: 1.95105136551093
NM_198503: 219: Score: 1.95846762264457
BC050411: 425: Score: 1.95331431246881
NM_001001484: 427: Score: 1.95034257170381
BC012992: 838: Score: 1.95514352779343
BC021731: 370: Score: 1.95947233770657
NM_015239: 2634: Score: 1.9591821778352
BC038515: 955: Score: 1.95540561488477
NM_001010870: 5031: Score: 1.95641773515993
BC020616: 1430: Score: 1.95223276832036
BC067215: 1257: Score: 1.95504347761833
NM_148921: 1678: Score: 1.95390068086626
NM_144713: 542: Score: 1.95618198126191
BC022983: 2339: Score: 1.95505725067641
NM_133650: 2410: Score: 1.95318073136088
NM_017925: 1137: Score: 1.95674259100843
NM_015293: 9351: Score: 1.95313436898112
NM_023001: 2420: Score: 1.95483292378834
BC050445: 1140: Score: 1.95586649364641
BC052985: 2317: Score: 1.95266661167019
BC069680: 1657: Score: 1.95333938486075
NM_002892: 2420: Score: 1.95984452946502
NM_032834: 751: Score: 1.95283426633433
BC030803: 664: Score: 1.95100283263767
BC025367: 148: Score: 1.95865746102915
BC032657: 1188: Score: 1.95580061278458
BC007508: 1547: Score: 1.95408266717137
NM_002897: 1143: Score: 1.95658160741993
NM_033071: 25952: Score: 1.95417655697519
BC048120: 988: Score: 1.95339077448651
BC022447: 1235: Score: 1.9508439078261
BC069740: 1658: Score: 1.95835284184072
NM_024652: 1399: Score: 1.95999999106267
NM_015285: 2203: Score: 1.95536028987324
NM_001099673: 172: Score: 1.95942425169962
NM_020119: 2644: Score: 1.95681918070222
NM_182961: 26261: Score: 1.95431749541775
BC015749: 1898: Score: 1.9545469772279
NM_145287: 633: Score: 1.95144468766207
BC028730: 564: Score: 1.95127915561291
BC012993: 838: Score: 1.95557189703096
NM_004709: 289: Score: 1.95359192816445
NM_012334: 1206: Score: 1.95625336815507
NM_052834: 2203: Score: 1.95455546768781
NM_001102664: 790: Score: 1.95825488236157
